0,83.94,105.14,105.924,99.148,83.44,98.032,83.552,97.116,84.8,86.184,98.904,93.272,97.372,101.38,103.576,101.568,83.38,83.364,84.884,89.912,105.2,97.892,97.308,90.888,86.772,89.056,86.272,93.848,85.472,99.048,96.736
83.94,0,89.488,100.776,86.504,96.94,96.868,104.3,87.512,104.82,102.344,88.116,100.848,87.048,91.144,87.292,91.296,106.108,95.172,95.948,95.368,106.268,93.436,99.408,97.512,89.972,96.184,85.544,93.292,92.736,85.736,101.12
105.14,89.488,0,105.836,97.104,105.1,83.204,83.34,95.36,96.036,97.228,90.324,99.084,84.764,102.664,98.36,85.24,102.332,86.852,89.24,85.372,104.56,85.832,87.216,86.584,85.28,105.488,103.524,106.576,96.668,100.272,83.212
105.924,100.776,105.836,0,83.564,96.252,89.732,89.672,98.144,87.164,99.044,93.796,84.484,85.9,100.068,105.98,98.364,93.992,104.68,89.864,105.616,101.412,87.576,87.504,101.976,88.596,95.496,100.04,86.568,100.228,85.232,85.572
99.148,86.504,97.104,83.564,0,106.408,87.828,96.988,93.948,94.36,91.236,95.22,84.112,101.332,87.656,91.172,86.0,106.88,83.544,106.264,95.652,96.0,85.788,91.98,89.704,88.56,103.072,88.724,91.876,98.948,103.652,94.576
83.44,96.94,105.1,96.252,106.408,0,100.8,101.472,106.516,104.776,85.852,95.468,96.424,83.58,95.804,90.86,95.172,105.052,91.748,85.512,86.06,86.696,90.536,92.216,96.048,103.228,90.088,86.1,99.36,103.968,100.448,83.928
98.032,96.868,83.204,89.732,87.828,100.8,0,89.792,83.588,88.328,105.148,93.992,104.548,105.764,92.984,84.372,102.004,101.12,87.168,88.8,88.452,92.164,95.144,106.348,94.208,83.248,89.996,105.588,88.072,104.04,100.876,104.892
83.552,104.3,83.34,89.672,96.988,101.472,89.792,0,85.344,96.24,93.024,86.608,100.72,100.1,101.616,88.112,102.148,97.076,95.428,103.04,90.724,90.94,98.292,87.312,95.784,93.176,84.088,93.46,86.924,103.992,98.544,86.044
97.116,87.512,95.36,98.144,93.948,106.516,83.588,85.344,0,99.62,84.948,97.42,102.84,95.032,100.412,106.072,84.496,105.624,103.872,96.224,95.364,100.2,83.172,97.128,87.168,85.172,84.02,105.28,98.948,91.96,97.936,89.148
84.8,104.82,96.036,87.164,94.36,104.776,88.328,96.24,99.62,0,95.832,96.628,84.328,85.448,83.62,89.516,104.816,104.0,95.536,103.604,93.452,100.676,99.552,100.456,89.168,83.44,99.888,93.536,98.36,93.348,87.44,89.18
86.184,102.344,97.228,99.044,91.236,85.852,105.148,93.024,84.948,95.832,0,88.428,89.296,100.092,91.812,91.8,89.516,89.56,105.2,93.708,94.292,96.036,87.424,101.192,85.528,102.412,84.436,101.5,92.404,83.924,103.568,90.296
98.904,88.116,90.324,93.796,95.22,95.468,93.992,86.608,97.42,96.628,88.428,0,89.836,84.48,101.152,99.648,103.128,102.648,103.012,87.24,94.572,93.24,82.012,100.56,96.812,87.748,89.548,85.832,100.92,97.236,91.744,103.728
93.272,100.848,99.084,84.484,84.112,96.424,104.548,100.72,102.84,84.328,89.296,89.836,0,96.86,85.044,101.932,101.528,86.236,87.88,93.96,104.072,99.812,88.996,106.416,93.196,95.36,102.596,82.172,89.72,94.552,95.484,95.66
97.372,87.048,84.764,85.9,101.332,83.58,105.764,100.1,95.032,85.448,100.092,84.48,96.86,0,93.536,95.02,83.068,86.78,106.288,102.124,104.604,93.532,84.192,84.676,103.44,87.204,100.852,89.364,90.78,95.84,106.216,85.592
101.38,91.144,102.664,100.068,87.656,95.804,92.984,101.616,100.412,83.62,91.812,101.152,85.044,93.536,0,90.992,87.02,96.424,96.112,105.38,104.232,85.748,105.152,92.076,84.996,83.768,100.816,90.812,85.792,102.368,102.16,92.276
103.576,87.292,98.36,105.98,91.172,90.86,84.372,88.112,106.072,89.516,91.8,99.648,101.932,95.02,90.992,0,87.88,100.884,86.476,103.94,84.876,88.656,98.484,100.688,91.316,90.968,91.304,87.34,86.916,101.652,100.684,85.004
101.568,91.296,85.24,98.364,86.0,95.172,102.004,102.148,84.496,104.816,89.516,103.128,101.528,83.068,87.02,87.88,0,96.688,105.912,98.188,84.256,98.624,92.384,102.976,99.884,90.904,91.544,91.068,100.588,104.124,82.9,103.484
83.38,106.108,102.332,93.992,106.88,105.052,101.12,97.076,105.624,104.0,89.56,102.648,86.236,86.78,96.424,100.884,96.688,0,82.52,104.388,94.568,83.336,87.884,105.94,84.608,84.184,98.976,86.1,103.768,83.504,89.004,99.836
83.364,95.172,86.852,104.68,83.544,91.748,87.168,95.428,103.872,95.536,105.2,103.012,87.88,106.288,96.112,86.476,105.912,82.52,0,91.528,95.068,87.428,91.76,91.612,106.052,100.872,100.764,92.468,95.444,84.788,87.808,98.084
84.884,95.948,89.24,89.864,106.264,85.512,88.8,103.04,96.224,103.604,93.708,87.24,93.96,102.124,105.38,103.94,98.188,104.388,91.528,0,102.344,107.576,82.228,95.848,91.116,102.02,89.096,95.664,86.056,105.712,93.644,93.304
89.912,95.368,85.372,105.616,95.652,86.06,88.452,90.724,95.364,93.452,94.292,94.572,104.072,104.604,104.232,84.876,84.256,94.568,95.068,102.344,0,88.884,106.432,99.692,95.436,90.592,95.98,85.252,84.44,89.348,105.144,84.552
105.2,106.268,104.56,101.412,96.0,86.696,92.164,90.94,100.2,100.676,96.036,93.24,99.812,93.532,85.748,88.656,98.624,83.336,87.428,107.576,88.884,0,85.716,97.972,92.724,90.152,93.288,98.668,88.772,96.664,85.964,105.26
97.892,93.436,85.832,87.576,85.788,90.536,95.144,98.292,83.172,99.552,87.424,82.012,88.996,84.192,105.152,98.484,92.384,87.884,91.76,82.228,106.432,85.716,0,99.328,101.456,91.292,98.816,96.704,98.492,94.12,92.84,85.408
97.308,99.408,87.216,87.504,91.98,92.216,106.348,87.312,97.128,100.456,101.192,100.56,106.416,84.676,92.076,100.688,102.976,105.94,91.612,95.848,99.692,97.972,99.328,0,97.976,93.56,102.388,93.204,100.168,101.64,87.84,99.224
90.888,97.512,86.584,101.976,89.704,96.048,94.208,95.784,87.168,89.168,85.528,96.812,93.196,103.44,84.996,91.316,99.884,84.608,106.052,91.116,95.436,92.724,101.456,97.976,0,83.004,85.0,89.556,87.56,91.42,104.452,96.928
86.772,89.972,85.28,88.596,88.56,103.228,83.248,93.176,85.172,83.44,102.412,87.748,95.36,87.204,83.768,90.968,90.904,84.184,100.872,102.02,90.592,90.152,91.292,93.56,83.004,0,85.104,101.088,89.608,87.436,85.404,85.32
89.056,96.184,105.488,95.496,103.072,90.088,89.996,84.088,84.02,99.888,84.436,89.548,102.596,100.852,100.816,91.304,91.544,98.976,100.764,89.096,95.98,93.288,98.816,102.388,85.0,85.104,0,97.496,91.988,92.148,92.892,90.008
86.272,85.544,103.524,100.04,88.724,86.1,105.588,93.46,105.28,93.536,101.5,85.832,82.172,89.364,90.812,87.34,91.068,86.1,92.468,95.664,85.252,98.668,96.704,93.204,89.556,101.088,97.496,0,100.784,86.664,83.34,84.88
93.848,93.292,106.576,86.568,91.876,99.36,88.072,86.924,98.948,98.36,92.404,100.92,89.72,90.78,85.792,86.916,100.588,103.768,95.444,86.056,84.44,88.772,98.492,100.168,87.56,89.608,91.988,100.784,0,102.64,90.52,104.176
85.472,92.736,96.668,100.228,98.948,103.968,104.04,103.992,91.96,93.348,83.924,97.236,94.552,95.84,102.368,101.652,104.124,83.504,84.788,105.712,89.348,96.664,94.12,101.64,91.42,87.436,92.148,86.664,102.64,0,101.028,103.992
99.048,85.736,100.272,85.232,103.652,100.448,100.876,98.544,97.936,87.44,103.568,91.744,95.484,106.216,102.16,100.684,82.9,89.004,87.808,93.644,105.144,85.964,92.84,87.84,104.452,85.404,92.892,83.34,90.52,101.028,0,100.964
96.736,101.12,83.212,85.572,94.576,83.928,104.892,86.044,89.148,89.18,90.296,103.728,95.66,85.592,92.276,85.004,103.484,99.836,98.084,93.304,84.552,105.26,85.408,99.224,96.928,85.32,90.008,84.88,104.176,103.992,100.964,0
